// bielliptic congruence subgroups


CongSubgroup := recformat<N:RngIntElt, label:MonStgElt, gens:SeqEnum, index:RngIntElt, H:GrpMat>;

CPbiellipticlist:=AssociativeArray();

CPbiellipticlist["8A3"]:= rec<CongSubgroup | N:=8,  label:="8A3", gens:=[		[ 3, 0, 0, 3 ] , [ 7, 0, 0, 7 ]], index:=96>;
CPbiellipticlist["16A3"]:= rec<CongSubgroup | N:=16,  label:="16A3", gens:=[		[ 1, 8, 0, 1 ] , [ 1, 12, 8, 1 ] , [ 5, 8, 8, 13 ] , [ 7, 10, 4, 15 ] , [ 9, 0, 0, 9 ] , [ 9, 8, 0, 9 ] , [ 13, 6, 4, 13 ]], index:=48>;
CPbiellipticlist["16G3"]:= rec<CongSubgroup | N:=16,  label:="16G3", gens:=[[ 0, 11, 13, 0 ] , [ 1, 8, 8, 1 ] , [ 3, 0, 12, 11 ] , [ 9, 0, 8, 9 ] , [ 9, 4, 4, 9 ] , [ 15, 4, 12, 15 ]], index:=48>;
CPbiellipticlist["16H3"]:= rec<CongSubgroup | N:=16,  label:="16H3", gens:=[[ 1, 8, 8, 1 ] , [ 7, 4, 4, 7 ] , [ 9, 8, 8, 9 ] , [ 9, 12, 12, 9 ] , [ 11, 12, 4, 3 ] , [ 13, 12, 4, 5 ] , [ 15, 0, 0, 15 ]], index:=96>;
CPbiellipticlist["16K3"]:= rec<CongSubgroup | N:=16,  label:="16K3", gens:=[[ 1, 8, 8, 1 ] , [ 1, 12, 12, 1 ] , [ 9, 8, 8, 9 ] , [ 9, 12, 12, 9 ] , [ 12, 5, 3, 4 ] , [ 15, 0, 0, 15 ] , [ 15, 4, 4, 15 ]], index:=96>;
CPbiellipticlist["16L3"]:= rec<CongSubgroup | N:=16,  label:="16L3", gens:=[[ 0, 11, 13, 0 ] , [ 1, 8, 8, 1 ] , [ 3, 0, 0, 11 ] , [ 8, 11, 13, 8 ] , [ 9, 0, 0, 9 ] , [ 15, 8, 8, 15 ]], index:=96>;
CPbiellipticlist["16N3"]:= rec<CongSubgroup | N:=16,  label:="16N3", gens:=[[ 5, 4, 12, 13 ] , [ 6, 15, 1, 0 ] , [ 7, 8, 8, 7 ] , [ 9, 8, 8, 9 ] , [ 11, 2, 14, 7 ]], index:=96>;
CPbiellipticlist["16O3"]:= rec<CongSubgroup | N:=16,  label:="16O3", gens:=[[ 1, 4, 8, 1 ] , [ 1, 8, 0, 1 ] , [ 3, 6, 4, 3 ] , [ 7, 0, 8, 7 ] , [ 9, 4, 0, 9 ] , [ 11, 10, 4, 11 ] , [ 11, 14, 12, 11 ]], index:=96>;
CPbiellipticlist["16P3"]:= rec<CongSubgroup | N:=16,  label:="16P3", gens:=[[ 0, 5, 3, 8 ] , [ 1, 0, 8, 1 ] , [ 1, 8, 8, 1 ] , [ 9, 4, 12, 9 ] , [ 9, 12, 12, 9 ] , [ 15, 0, 0, 15 ] , [ 15, 8, 0, 15 ]], index:=96>;
CPbiellipticlist["16Q3"]:= rec<CongSubgroup | N:=16,  label:="16Q3", gens:=[[ 1, 0, 8, 1 ] , [ 1, 8, 8, 1 ] , [ 1, 12, 4, 1 ] , [ 4, 13, 11, 12 ] , [ 12, 13, 11, 12 ] , [ 15, 0, 0, 15 ] , [ 15, 4, 4, 15 ]], index:=96>;
CPbiellipticlist["16R3"]:= rec<CongSubgroup | N:=16,  label:="16R3", gens:=[[ 0, 3, 5, 0 ] , [ 1, 6, 6, 5 ] , [ 5, 4, 4, 13 ] , [ 9, 8, 8, 9 ] , [ 15, 0, 0, 15 ]], index:=96>;
CPbiellipticlist["32A3"]:= rec<CongSubgroup | N:=32,  label:="32A3", gens:=[[ 1, 16, 16, 1 ] , [ 5, 28, 20, 29 ] , [ 9, 22, 18, 5 ] , [ 11, 2, 30, 23 ] , [ 13, 22, 10, 17 ] , [ 17, 4, 4, 1 ] , [ 17, 16, 16, 17 ] , [ 21, 4, 28, 13 ] , [ 25, 24, 8, 9 ] , [ 27, 30, 26, 23 ] , [ 28, 23, 17, 14 ] , [ 29, 8, 16, 21 ]], index:=48>;
CPbiellipticlist["32E3"]:= rec<CongSubgroup | N:=32,  label:="32E3", gens:=[[ 1, 8, 24, 1 ] , [ 1, 16, 16, 1 ] , [ 1, 24, 8, 1 ] , [ 11, 6, 6, 15 ] , [ 11, 14, 30, 15 ] , [ 12, 9, 23, 4 ] , [ 15, 2, 18, 11 ] , [ 17, 16, 16, 17 ] , [ 25, 24, 24, 9 ] , [ 27, 18, 10, 15 ] , [ 29, 28, 28, 5 ] , [ 31, 16, 16, 31 ]], index:=48>;
CPbiellipticlist["32F3"]:= rec<CongSubgroup | N:=32,  label:="32F3", gens:=[[ 1, 8, 24, 1 ] , [ 1, 16, 16, 1 ] , [ 1, 24, 8, 1 ] , [ 9, 4, 12, 9 ] , [ 11, 6, 6, 15 ] , [ 11, 14, 30, 15 ] , [ 12, 9, 23, 4 ] , [ 15, 2, 18, 11 ] , [ 17, 16, 16, 17 ] , [ 25, 24, 24, 9 ] , [ 29, 28, 28, 5 ] , [ 31, 16, 16, 31 ]], index:=48>;
CPbiellipticlist["32G3"]:= rec<CongSubgroup | N:=32,  label:="32G3", gens:=[[ 1, 8, 24, 1 ] , [ 1, 16, 16, 1 ] , [ 1, 24, 8, 1 ] , [ 11, 6, 22, 15 ] , [ 11, 14, 14, 15 ] , [ 15, 2, 2, 11 ] , [ 15, 30, 22, 27 ] , [ 17, 16, 16, 17 ] , [ 24, 5, 19, 24 ] , [ 25, 24, 24, 9 ] , [ 29, 28, 28, 5 ] , [ 31, 16, 16, 31 ]], index:=48>;
CPbiellipticlist["32I3"]:= rec<CongSubgroup | N:=32,  label:="32I3", gens:=[[ 1, 16, 16, 1 ] , [ 9, 16, 16, 25 ] , [ 9, 24, 8, 25 ] , [ 10, 25, 27, 10 ] , [ 17, 0, 0, 17 ] , [ 19, 30, 10, 31 ] , [ 21, 0, 0, 29 ] , [ 21, 28, 20, 13 ] , [ 24, 29, 11, 16 ] , [ 25, 0, 0, 9 ] , [ 31, 0, 0, 31 ] , [ 31, 8, 24, 31 ]], index:=48>;
CPbiellipticlist["32J3"]:= rec<CongSubgroup | N:=32,  label:="32J3", gens:=[[ 1, 16, 0, 1 ] , [ 5, 16, 16, 13 ] , [ 9, 12, 16, 25 ] , [ 13, 30, 8, 21 ] , [ 17, 0, 0, 17 ] , [ 17, 4, 16, 17 ] , [ 17, 24, 0, 17 ] , [ 25, 0, 0, 9 ] , [ 25, 24, 0, 9 ] , [ 25, 28, 16, 9 ] , [ 31, 2, 8, 15 ]], index:=96>;
CPbiellipticlist["32L3"]:= rec<CongSubgroup | N:=32,  label:="32L3", gens:=[[ 1, 16, 16, 1 ] , [ 4, 1, 15, 28 ] , [ 13, 0, 0, 5 ] , [ 17, 0, 0, 17 ] , [ 17, 8, 8, 17 ] , [ 17, 12, 12, 1 ] , [ 25, 0, 0, 9 ] , [ 29, 4, 4, 5 ] , [ 31, 0, 0, 31 ]], index:=96>;
CPbiellipticlist["32N3"]:= rec<CongSubgroup | N:=32,  label:="32N3", gens:=[[ 9, 6, 22, 29 ] , [ 9, 8, 8, 25 ] , [ 9, 16, 16, 25 ] , [ 14, 27, 1, 18 ] , [ 17, 0, 0, 17 ] , [ 17, 16, 16, 17 ] , [ 21, 4, 4, 13 ] , [ 31, 16, 16, 31 ]], index:=96>;
CPbiellipticlist["32O3"]:= rec<CongSubgroup | N:=32,  label:="32O3", gens:=[[ 1, 16, 16, 1 ] , [ 7, 8, 24, 23 ] , [ 9, 8, 24, 25 ] , [ 11, 2, 30, 23 ] , [ 11, 4, 28, 19 ] , [ 17, 16, 16, 17 ] , [ 21, 4, 28, 13 ] , [ 27, 2, 30, 7 ] , [ 30, 13, 3, 12 ]], index:=96>;
CPbiellipticlist["32P3"]:= rec<CongSubgroup | N:=32,  label:="32P3", gens:=[[ 17, 0, 0, 17 ] , [ 17, 16, 16, 17 ] , [ 19, 4, 28, 11 ] , [ 23, 12, 20, 23 ] , [ 25, 8, 24, 9 ] , [ 25, 16, 16, 9 ] , [ 28, 27, 29, 4 ] , [ 31, 8, 24, 31 ] , [ 31, 20, 12, 15 ]], index:=96>;
CPbiellipticlist["32Q3"]:= rec<CongSubgroup | N:=32,  label:="32Q3", gens:=[[ 13, 0, 16, 5 ] , [ 17, 0, 0, 17 ] , [ 17, 16, 16, 17 ] , [ 20, 3, 5, 12 ] , [ 23, 12, 4, 23 ] , [ 25, 8, 24, 9 ] , [ 25, 16, 16, 9 ] , [ 31, 8, 24, 31 ] , [ 31, 20, 28, 15 ]], index:=96>;

CPbiellipticlist["64B3"]:= rec<CongSubgroup | N:=64,  label:="64B3", gens:=[[ 1, 32, 32, 1 ] , [ 5, 36, 28, 61 ] , [ 9, 8, 56, 57 ] , [ 17, 16, 48, 49 ] , [ 17, 50, 46, 45 ] , [ 27, 2, 46, 39 ] , [ 29, 26, 14, 17 ] , [ 33, 0, 0, 33 ] , [ 33, 32, 32, 33 ] , [ 35, 18, 46, 31 ] , [ 36, 63, 9, 30 ] , [ 53, 4, 28, 13 ] , [ 58, 61, 59, 8 ] , [ 59, 50, 30, 7 ]], index:=96>;

CPbiellipticlist["16A4"]:= rec<CongSubgroup | N:=16,  label:="16A4", gens:=[[ 1, 0, 8, 1 ] , [ 1, 8, 8, 1 ] , [ 4, 9, 7, 0 ] , [ 8, 7, 9, 4 ] , [ 8, 9, 7, 12 ] , [ 15, 0, 8, 15 ] , [ 15, 4, 12, 15 ]], index:=96>;
CPbiellipticlist["16B4"]:= rec<CongSubgroup | N:=16,  label:="16B4", gens:=[[ 1, 8, 8, 1 ] , [ 1, 12, 4, 1 ] , [ 9, 8, 8, 9 ] , [ 12, 5, 3, 12 ] , [ 12, 13, 11, 12 ] , [ 15, 0, 0, 15 ] , [ 15, 4, 12, 15 ]], index:=96>;
CPbiellipticlist["16C4"]:= rec<CongSubgroup | N:=16,  label:="16C4", gens:=[[ 0, 9, 7, 8 ] , [ 1, 8, 8, 1 ] , [ 3, 0, 8, 11 ] , [ 8, 11, 13, 8 ] , [ 9, 0, 0, 9 ] , [ 15, 8, 8, 15 ]], index:=96>;

CPbiellipticlist["32A4"]:= rec<CongSubgroup | N:=32,  label:="32A4", gens:=[[ 1, 8, 24, 1 ] , [ 1, 16, 16, 1 ] , [ 7, 28, 20, 7 ] , [ 8, 21, 3, 20 ] , [ 13, 20, 4, 21 ] , [ 13, 24, 0, 5 ] , [ 15, 18, 2, 11 ] , [ 17, 16, 16, 17 ] , [ 18, 13, 31, 26 ] , [ 25, 8, 8, 9 ] , [ 30, 5, 23, 22 ]], index:=48>;
CPbiellipticlist["32C4"]:= rec<CongSubgroup | N:=32,  label:="32C4", gens:=[[ 1, 16, 16, 1 ] , [ 7, 28, 4, 7 ] , [ 9, 16, 16, 25 ] , [ 9, 24, 8, 25 ] , [ 16, 9, 7, 12 ] , [ 17, 0, 0, 17 ] , [ 21, 16, 16, 29 ] , [ 24, 5, 19, 4 ] , [ 27, 8, 24, 19 ] , [ 29, 16, 16, 21 ] , [ 31, 28, 4, 15 ]], index:=96>;

CPbiellipticlist["8A5"]:= rec<CongSubgroup | N:=8,  label:="8A5", gens:=[[ 7, 0, 0, 7 ]], index:=192>;

CPbiellipticlist["16A5"]:= rec<CongSubgroup | N:=16,  label:="16A5", gens:=[[ 1, 8, 8, 1 ] , [ 1, 12, 4, 1 ] , [ 3, 8, 0, 11 ] , [ 7, 4, 12, 7 ] , [ 9, 8, 8, 9 ] , [ 13, 4, 4, 5 ] , [ 15, 8, 8, 15 ]], index:=96>;
CPbiellipticlist["16B5"]:= rec<CongSubgroup | N:=16,  label:="16B5", gens:=[[ 1, 8, 8, 1 ] , [ 1, 12, 12, 1 ] , [ 9, 0, 0, 9 ] , [ 13, 0, 0, 5 ] , [ 13, 4, 4, 5 ] , [ 15, 0, 0, 15 ]], index:=96>;
CPbiellipticlist["16C5"]:= rec<CongSubgroup | N:=16,  label:="16C5", gens:=[[ 1, 4, 8, 1 ] , [ 1, 8, 0, 1 ] , [ 7, 12, 8, 7 ] , [ 9, 0, 0, 9 ] , [ 11, 6, 4, 11 ] , [ 11, 10, 12, 11 ] , [ 11, 14, 4, 11 ]], index:=96>;
CPbiellipticlist["16D5"]:= rec<CongSubgroup | N:=16,  label:="16D5", gens:=[[ 1, 4, 8, 1 ] , [ 1, 8, 0, 1 ] , [ 3, 2, 4, 3 ] , [ 3, 6, 12, 3 ] , [ 7, 12, 8, 7 ] , [ 9, 0, 0, 9 ] , [ 11, 10, 4, 11 ]], index:=96>;
CPbiellipticlist["16E5"]:= rec<CongSubgroup | N:=16,  label:="16E5", gens:=[[ 0, 5, 3, 8 ] , [ 1, 8, 8, 1 ] , [ 1, 12, 12, 1 ] , [ 9, 8, 8, 9 ] , [ 9, 12, 12, 9 ] , [ 15, 0, 0, 15 ] , [ 15, 4, 4, 15 ]], index:=96>;
CPbiellipticlist["16F5"]:= rec<CongSubgroup | N:=16,  label:="16F5", gens:=[[ 0, 11, 13, 8 ] , [ 1, 8, 8, 1 ] , [ 3, 0, 0, 11 ] , [ 9, 0, 0, 9 ] , [ 15, 8, 8, 15 ]], index:=96>;
CPbiellipticlist["16H5"]:= rec<CongSubgroup | N:=16,  label:="16H5", gens:=[[ 1, 8, 8, 1 ] , [ 4, 9, 7, 0 ] , [ 7, 0, 0, 7 ] , [ 8, 1, 15, 4 ] , [ 9, 0, 0, 9 ] , [ 15, 0, 0, 15 ] , [ 15, 4, 12, 15 ]], index:=96>;
CPbiellipticlist["16I5"]:= rec<CongSubgroup | N:=16,  label:="16I5", gens:=[[ 0, 5, 3, 8 ] , [ 1, 8, 8, 1 ] , [ 1, 12, 12, 1 ] , [ 9, 0, 8, 9 ] , [ 9, 8, 0, 9 ] , [ 15, 0, 0, 15 ] , [ 15, 4, 4, 15 ]], index:=96>;
CPbiellipticlist["16J5"]:= rec<CongSubgroup | N:=16,  label:="16J5", gens:=[[ 1, 8, 8, 1 ] , [ 9, 4, 4, 9 ] , [ 9, 8, 0, 9 ] , [ 9, 12, 12, 9 ] , [ 12, 3, 5, 4 ] , [ 15, 8, 8, 15 ]], index:=96>;
CPbiellipticlist["16K5"]:= rec<CongSubgroup | N:=16,  label:="16K5", gens:=[[ 5, 5, 13, 10 ] , [ 9, 0, 8, 9 ] , [ 9, 8, 0, 9 ] , [ 15, 0, 0, 15 ]], index:=128>;
CPbiellipticlist["16M5"]:= rec<CongSubgroup | N:=16,  label:="16M5", gens:=[[ 3, 4, 12, 11 ] , [ 5, 12, 4, 13 ] , [ 9, 0, 0, 9 ] , [ 9, 8, 8, 9 ] , [ 15, 0, 0, 15 ] , [ 15, 8, 8, 15 ]], index:=192>;
CPbiellipticlist["16N5"]:= rec<CongSubgroup | N:=16,  label:="16N5", gens:=[[ 1, 8, 0, 1 ] , [ 9, 12, 0, 9 ] , [ 13, 10, 8, 5 ] , [ 15, 8, 0, 15 ]], index:=192>;
CPbiellipticlist["16O5"]:= rec<CongSubgroup | N:=16,  label:="16O5", gens:=[[ 1, 0, 8, 1 ] , [ 9, 8, 8, 9 ] , [ 13, 12, 4, 5 ] , [ 15, 0, 8, 15 ]], index:=192>;

CPbiellipticlist["32A5"]:= rec<CongSubgroup | N:=32,  label:="32A5", gens:=[[ 1, 16, 0, 1 ] , [ 1, 22, 8, 17 ] , [ 5, 16, 16, 13 ] , [ 9, 12, 16, 25 ] , [ 17, 0, 0, 17 ] , [ 17, 4, 16, 17 ] , [ 17, 24, 0, 17 ] , [ 19, 26, 8, 11 ] , [ 25, 0, 0, 9 ] , [ 25, 24, 0, 9 ] , [ 25, 28, 16, 9 ]], index:=96>;
CPbiellipticlist["32B5"]:= rec<CongSubgroup | N:=32,  label:="32B5", gens:=[[ 1, 16, 0, 1 ] , [ 5, 16, 0, 13 ] , [ 13, 30, 24, 21 ] , [ 17, 0, 0, 17 ] , [ 17, 4, 16, 17 ] , [ 17, 24, 0, 17 ] , [ 19, 26, 8, 11 ] , [ 21, 12, 16, 29 ] , [ 25, 0, 0, 9 ] , [ 25, 24, 0, 9 ] , [ 25, 28, 16, 9 ]], index:=96>;
CPbiellipticlist["32C5"]:= rec<CongSubgroup | N:=32,  label:="32C5", gens:=[[ 1, 16, 16, 1 ] , [ 7, 8, 24, 23 ] , [ 9, 8, 24, 25 ] , [ 11, 2, 30, 23 ] , [ 17, 16, 16, 17 ] , [ 21, 4, 28, 13 ] , [ 27, 2, 30, 7 ] , [ 29, 4, 12, 5 ] , [ 30, 13, 3, 12 ]], index:=96>;
CPbiellipticlist["32D5"]:= rec<CongSubgroup | N:=32,  label:="32D5", gens:=[[ 1, 16, 16, 1 ] , [ 7, 8, 24, 23 ] , [ 9, 8, 24, 25 ] , [ 10, 11, 5, 28 ] , [ 11, 2, 30, 23 ] , [ 17, 16, 16, 17 ] , [ 21, 4, 28, 13 ] , [ 27, 2, 30, 7 ] , [ 29, 4, 12, 5 ]], index:=96>;
CPbiellipticlist["32E5"]:= rec<CongSubgroup | N:=32,  label:="32E5", gens:=[[ 1, 16, 16, 1 ] , [ 16, 17, 15, 0 ] , [ 17, 0, 0, 17 ] , [ 17, 8, 8, 17 ] , [ 17, 12, 12, 1 ] , [ 25, 0, 0, 9 ] , [ 29, 12, 28, 5 ] , [ 29, 20, 4, 5 ] , [ 31, 0, 0, 31 ]], index:=96>;
CPbiellipticlist["32F5"]:= rec<CongSubgroup | N:=32,  label:="32F5", gens:=[[ 1, 16, 16, 1 ] , [ 4, 1, 15, 28 ] , [ 13, 0, 0, 5 ] , [ 17, 0, 0, 17 ] , [ 17, 8, 8, 17 ] , [ 17, 28, 12, 1 ] , [ 25, 0, 0, 9 ] , [ 29, 20, 4, 5 ] , [ 31, 0, 0, 31 ]], index:=96>;
CPbiellipticlist["32G5"]:= rec<CongSubgroup | N:=32,  label:="32G5", gens:=[[ 1, 16, 16, 1 ] , [ 17, 0, 0, 17 ] , [ 17, 8, 8, 17 ] , [ 17, 28, 12, 1 ] , [ 20, 1, 15, 28 ] , [ 20, 13, 11, 12 ] , [ 25, 0, 0, 9 ] , [ 29, 4, 4, 5 ] , [ 31, 0, 0, 31 ]], index:=96>;
CPbiellipticlist["32H5"]:= rec<CongSubgroup | N:=32,  label:="32H5", gens:=[[ 0, 9, 7, 24 ] , [ 11, 28, 20, 19 ] , [ 13, 0, 0, 5 ] , [ 17, 0, 0, 17 ] , [ 17, 16, 16, 17 ] , [ 25, 8, 24, 9 ] , [ 25, 16, 16, 9 ] , [ 31, 8, 24, 31 ] , [ 31, 20, 28, 15 ]], index:=96>;
CPbiellipticlist["32I5"]:= rec<CongSubgroup | N:=32,  label:="32I5", gens:=[[ 13, 0, 16, 5 ] , [ 17, 0, 0, 17 ] , [ 17, 16, 16, 17 ] , [ 23, 12, 20, 23 ] , [ 25, 8, 24, 9 ] , [ 25, 16, 16, 9 ] , [ 28, 27, 29, 4 ] , [ 31, 8, 24, 31 ] , [ 31, 20, 12, 15 ]], index:=96>;
CPbiellipticlist["32J5"]:= rec<CongSubgroup | N:=32,  label:="32J5", gens:=[[ 9, 6, 22, 29 ] , [ 9, 8, 8, 25 ] , [ 14, 19, 25, 2 ] , [ 14, 27, 1, 18 ] , [ 17, 0, 0, 17 ] , [ 17, 16, 16, 17 ] , [ 21, 4, 4, 13 ] , [ 31, 16, 16, 31 ]], index:=96>;
CPbiellipticlist["32K5"]:= rec<CongSubgroup | N:=32,  label:="32K5", gens:=[[ 9, 6, 6, 29 ] , [ 9, 8, 8, 25 ] , [ 16, 3, 21, 0 ] , [ 17, 0, 0, 17 ] , [ 17, 6, 22, 21 ] , [ 17, 16, 16, 17 ] , [ 21, 4, 4, 13 ] , [ 31, 16, 16, 31 ]], index:=96>;
CPbiellipticlist["32L5"]:= rec<CongSubgroup | N:=32,  label:="32L5", gens:=[[ 9, 6, 6, 29 ] , [ 9, 8, 8, 25 ] , [ 9, 16, 16, 25 ] , [ 16, 3, 21, 0 ] , [ 17, 0, 0, 17 ] , [ 17, 16, 16, 17 ] , [ 21, 4, 4, 13 ] , [ 31, 16, 16, 31 ]], index:=96>;
CPbiellipticlist["32M5"]:= rec<CongSubgroup | N:=32,  label:="32M5", gens:=[[ 1, 4, 16, 1 ] , [ 1, 12, 16, 1 ] , [ 1, 16, 0, 1 ] , [ 1, 24, 0, 1 ] , [ 9, 20, 16, 25 ] , [ 11, 6, 8, 19 ] , [ 13, 14, 8, 21 ] , [ 13, 18, 24, 21 ] , [ 17, 8, 0, 17 ]], index:=192>;
CPbiellipticlist["32N5"]:= rec<CongSubgroup | N:=32,  label:="32N5", gens:=[[ 1, 4, 0, 1 ] , [ 1, 16, 0, 1 ] , [ 1, 24, 0, 1 ] , [ 1, 28, 0, 1 ] , [ 9, 20, 16, 25 ] , [ 13, 10, 24, 21 ] , [ 13, 14, 24, 21 ] , [ 13, 18, 24, 21 ] , [ 17, 8, 0, 17 ] , [ 31, 24, 0, 31 ]], index:=192>;
CPbiellipticlist["32O5"]:= rec<CongSubgroup | N:=32,  label:="32O5", gens:=[[ 1, 2, 30, 29 ] , [ 1, 16, 16, 1 ] , [ 9, 8, 24, 25 ] , [ 17, 16, 16, 17 ] , [ 18, 27, 21, 12 ] , [ 21, 20, 12, 13 ] , [ 25, 24, 8, 9 ] , [ 27, 26, 6, 7 ] , [ 29, 14, 18, 1 ]], index:=192>;

CPbiellipticlist["64A5"]:= rec<CongSubgroup | N:=64,  label:="64A5", gens:=[[ 1, 32, 32, 1 ] , [ 5, 36, 28, 61 ] , [ 9, 8, 56, 57 ] , [ 17, 16, 48, 49 ] , [ 17, 50, 46, 45 ] , [ 26, 61, 59, 8 ] , [ 27, 2, 46, 39 ] , [ 29, 26, 46, 17 ] , [ 33, 0, 0, 33 ] , [ 33, 32, 32, 33 ] , [ 35, 18, 46, 31 ] , [ 36, 63, 9, 62 ] , [ 53, 4, 28, 13 ] , [ 59, 50, 30, 7 ]], index:=96>;
CPbiellipticlist["64B5"]:= rec<CongSubgroup | N:=64,  label:="64B5", gens:=[[ 1, 32, 32, 1 ] , [ 5, 36, 28, 61 ] , [ 9, 8, 56, 57 ] , [ 17, 16, 48, 49 ] , [ 17, 50, 46, 45 ] , [ 26, 61, 59, 8 ] , [ 27, 2, 46, 39 ] , [ 29, 26, 14, 17 ] , [ 33, 0, 0, 33 ] , [ 33, 32, 32, 33 ] , [ 35, 18, 46, 31 ] , [ 38, 23, 41, 40 ] , [ 53, 4, 28, 13 ] , [ 59, 50, 30, 7 ]], index:=96>;
CPbiellipticlist["64C5"]:= rec<CongSubgroup | N:=64,  label:="64C5", gens:=[[ 1, 32, 32, 1 ] , [ 8, 47, 33, 58 ] , [ 15, 62, 34, 51 ] , [ 17, 16, 48, 49 ] , [ 19, 20, 44, 43 ] , [ 25, 8, 24, 41 ] , [ 29, 60, 4, 37 ] , [ 31, 46, 50, 35 ] , [ 33, 0, 0, 33 ] , [ 33, 32, 32, 33 ] , [ 45, 36, 12, 21 ] , [ 53, 52, 12, 13 ] , [ 57, 56, 8, 9 ]], index:=192>;
CPbiellipticlist["64D5"]:= rec<CongSubgroup | N:=64,  label:="64D5", gens:=[[ 1, 32, 32, 1 ] , [ 8, 47, 33, 58 ] , [ 12, 43, 21, 22 ] , [ 15, 62, 34, 51 ] , [ 17, 16, 48, 49 ] , [ 19, 20, 44, 43 ] , [ 25, 8, 24, 41 ] , [ 29, 60, 4, 37 ] , [ 31, 46, 50, 35 ] , [ 33, 0, 0, 33 ] , [ 33, 32, 32, 33 ] , [ 53, 52, 12, 13 ] , [ 57, 56, 8, 9 ]], index:=192>;

CPbiellipticlist["32A7"]:= rec<CongSubgroup | N:=32,  label:="32A7", gens:=[[ 1, 16, 16, 1 ] , [ 13, 0, 0, 5 ] , [ 16, 17, 15, 0 ] , [ 17, 0, 0, 17 ] , [ 17, 8, 8, 17 ] , [ 17, 12, 12, 1 ] , [ 25, 0, 0, 9 ] , [ 29, 4, 4, 5 ] , [ 31, 0, 0, 31 ]], index:=96>;
CPbiellipticlist["32G7"]:= rec<CongSubgroup | N:=32,  label:="32G7", gens:=[[ 1, 6, 4, 25 ] , [ 1, 16, 0, 1 ] , [ 3, 2, 20, 3 ] , [ 3, 10, 4, 3 ] , [ 9, 0, 16, 25 ] , [ 13, 26, 4, 13 ] , [ 17, 2, 28, 9 ] , [ 17, 16, 0, 17 ] , [ 17, 24, 16, 17 ] , [ 25, 28, 8, 9 ] , [ 31, 28, 24, 31 ]], index:=96>;
CPbiellipticlist["32H7"]:= rec<CongSubgroup | N:=32,  label:="32H7", gens:=[[ 9, 6, 22, 29 ] , [ 9, 8, 8, 25 ] , [ 9, 16, 16, 25 ] , [ 14, 27, 1, 2 ] , [ 17, 0, 0, 17 ] , [ 17, 16, 16, 17 ] , [ 21, 4, 4, 13 ] , [ 31, 16, 16, 31 ]], index:=96>;
CPbiellipticlist["32K7"]:= rec<CongSubgroup | N:=32,  label:="32K7", gens:=[[ 1, 16, 16, 1 ] , [ 9, 24, 24, 25 ] , [ 11, 20, 4, 19 ] , [ 12, 29, 11, 16 ] , [ 15, 12, 20, 31 ] , [ 17, 8, 24, 17 ] , [ 17, 16, 16, 17 ] , [ 21, 16, 24, 29 ] , [ 23, 8, 8, 7 ]], index:=96>;

CPbiellipticlist["64F7"]:= rec<CongSubgroup | N:=64,  label:="64F7", gens:=[[ 1, 62, 10, 45 ] , [ 5, 42, 46, 41 ] , [ 17, 16, 48, 49 ] , [ 25, 8, 24, 41 ] , [ 33, 32, 32, 33 ] , [ 37, 48, 40, 45 ] , [ 37, 60, 52, 29 ] , [ 43, 34, 30, 55 ] , [ 45, 36, 12, 21 ] , [ 47, 6, 26, 51 ] , [ 49, 16, 48, 17 ] , [ 57, 24, 40, 9 ] , [ 60, 29, 3, 10 ] , [ 61, 12, 52, 5 ]], index:=96>;

CPbiellipticlist["16E9"]:= rec<CongSubgroup | N:=16,  label:="16E9", gens:=[[ 3, 12, 12, 11 ] , [ 5, 4, 4, 13 ] , [ 9, 8, 8, 9 ] , [ 11, 12, 12, 3 ] , [ 13, 4, 4, 5 ] , [ 15, 8, 8, 15 ]], index:=192>;
CPbiellipticlist["32E9"]:= rec<CongSubgroup | N:=32,  label:="32E9", gens:=[[ 1, 12, 16, 1 ] , [ 1, 16, 0, 1 ] , [ 1, 24, 0, 1 ] , [ 9, 20, 16, 25 ] , [ 11, 18, 8, 19 ] , [ 13, 2, 8, 21 ] , [ 13, 6, 24, 21 ] , [ 13, 14, 24, 21 ] , [ 17, 8, 0, 17 ]], index:=192>;
CPbiellipticlist["64A9"]:= rec<CongSubgroup | N:=64,  label:="64A9", gens:=[[ 1, 32, 32, 1 ] , [ 8, 47, 33, 26 ] , [ 15, 62, 34, 51 ] , [ 17, 16, 48, 49 ] , [ 19, 20, 44, 43 ] , [ 25, 8, 24, 41 ] , [ 29, 60, 4, 37 ] , [ 31, 46, 50, 35 ] , [ 33, 0, 0, 33 ] , [ 33, 32, 32, 33 ] , [ 45, 36, 12, 21 ] , [ 53, 52, 12, 13 ] , [ 57, 56, 8, 9 ]], index:=192>;

CPbiellipticlist["7A3"]:= rec<CongSubgroup | N:=7,  label:="7A3", gens:=[[ 6, 0, 0, 6 ]], index:=168>;
CPbiellipticlist["11A3"]:= rec<CongSubgroup | N:=11,  label:="11A3", gens:=[[ 8, 2, 2, 2 ] , [ 8, 10, 10, 3 ] , [ 10, 0, 0, 10 ]], index:=110>;
CPbiellipticlist["27A3"]:= rec<CongSubgroup | N:=27,  label:="27A3", gens:=[[ 1, 0, 18, 1 ] , [ 1, 18, 6, 1 ] , [ 10, 0, 9, 19 ] , [ 13, 0, 12, 25 ] , [ 19, 0, 0, 10 ] , [ 25, 24, 4, 19 ] , [ 26, 0, 0, 26 ]], index:=36>;
CPbiellipticlist["43A3"]:= rec<CongSubgroup | N:=43,  label:="43A3", gens:=[[ 8, 19, 11, 37 ] , [ 24, 21, 24, 30 ] , [ 41, 32, 12, 1 ] , [ 42, 0, 0, 42 ]], index:=44>;
CPbiellipticlist["49A3"]:= rec<CongSubgroup | N:=49,  label:="49A3", gens:=[[ 22, 28, 21, 29 ] , [ 25, 39, 38, 26 ] , [ 36, 0, 21, 15 ] , [ 48, 0, 0, 48 ]], index:=168>;


CPbiellipticlist["9A4"]:= rec<CongSubgroup | N:=9,  label:="9A4", gens:=[[ 7, 3, 3, 4 ] , [ 8, 0, 0, 8 ]], index:=108>;
CPbiellipticlist["9B4"]:= rec<CongSubgroup | N:=9,  label:="9B4", gens:=[[ 4, 0, 3, 7 ] , [ 8, 0, 0, 8 ]], index:=108>;
CPbiellipticlist["9C4"]:= rec<CongSubgroup | N:=9,  label:="9C4", gens:=[[ 4, 1, 1, 5 ] , [ 5, 8, 8, 4 ] , [ 8, 0, 0, 8 ]], index:=162>;
CPbiellipticlist["11A4"]:= rec<CongSubgroup | N:=11,  label:="11A4", gens:=[[ 1, 8, 8, 10 ] , [ 8, 2, 2, 2 ] , [ 10, 0, 0, 10 ]], index:=110>;
CPbiellipticlist["27A4"]:= rec<CongSubgroup | N:=27,  label:="27A4", gens:=[[ 1, 0, 15, 1 ] , [ 1, 0, 18, 1 ] , [ 7, 9, 19, 13 ] , [ 10, 0, 0, 19 ] , [ 10, 0, 15, 19 ] , [ 17, 0, 0, 8 ]], index:=108>;
CPbiellipticlist["27B4"]:= rec<CongSubgroup | N:=27,  label:="27B4", gens:=[[ 1, 0, 15, 1 ] , [ 1, 0, 18, 1 ] , [ 1, 18, 2, 10 ] , [ 10, 0, 0, 19 ] , [ 10, 0, 15, 19 ] , [ 17, 0, 0, 8 ]], index:=108>;
CPbiellipticlist["27C4"]:= rec<CongSubgroup | N:=27,  label:="27C4", gens:=[[ 1, 0, 18, 1 ] , [ 4, 0, 12, 7 ] , [ 10, 0, 0, 19 ] , [ 22, 0, 0, 16 ] , [ 26, 0, 0, 26 ]], index:=108>;
CPbiellipticlist["27D4"]:= rec<CongSubgroup | N:=27,  label:="27D4", gens:=[[ 1, 0, 18, 1 ] , [ 1, 3, 17, 25 ] , [ 1, 12, 2, 25 ] , [ 19, 0, 0, 10 ] , [ 19, 0, 9, 10 ] , [ 26, 0, 0, 26 ]], index:=108>;
CPbiellipticlist["29A4"]:= rec<CongSubgroup | N:=29,  label:="29A4", gens:=[[ 6, 16, 26, 26 ] , [ 9, 18, 9, 2 ] , [ 11, 16, 1, 20 ] , [ 28, 0, 0, 28 ]], index:=60>;
CPbiellipticlist["37B4"]:= rec<CongSubgroup | N:=37,  label:="37B4", gens:=[[ 7, 16, 15, 8 ] , [ 8, 5, 5, 31 ] , [ 29, 18, 3, 7 ] , [ 36, 0, 0, 36 ]], index:=114>;
CPbiellipticlist["53A4"]:= rec<CongSubgroup | N:=53,  label:="53A4", gens:=[[ 1, 11, 48, 52 ] , [ 20, 16, 42, 31 ] , [ 45, 27, 7, 16 ] , [ 52, 0, 0, 52 ]], index:=54>;
CPbiellipticlist["61A4"]:= rec<CongSubgroup | N:=61,  label:="61A4", gens:=[[ 7, 30, 47, 36 ] , [ 43, 53, 20, 19 ] , [ 53, 10, 59, 10 ] , [ 58, 2, 56, 3 ] , [ 60, 0, 0, 60 ]], index:=62>;
CPbiellipticlist["81A4"]:= rec<CongSubgroup | N:=81,  label:="81A4", gens:=[[ 1, 0, 54, 1 ] , [ 10, 27, 60, 73 ] , [ 26, 27, 30, 53 ] , [ 28, 0, 0, 55 ] , [ 28, 0, 18, 55 ] , [ 37, 54, 0, 46 ] , [ 52, 0, 53, 67 ] , [ 55, 0, 27, 28 ] , [ 61, 45, 19, 22 ] , [ 73, 0, 15, 10 ]], index:=108>;

CPbiellipticlist["11A5"]:= rec<CongSubgroup | N:=11,  label:="11A5", gens:=[[ 0, 10, 1, 0 ] , [ 1, 8, 8, 10 ] , [ 10, 0, 0, 10 ]], index:=165>;
CPbiellipticlist["17A5"]:= rec<CongSubgroup | N:=17,  label:="17A5", gens:=[[ 1, 0, 7, 1 ] , [ 16, 0, 0, 16 ]], index:=144>;
CPbiellipticlist["41A5"]:= rec<CongSubgroup | N:=41,  label:="41A5", gens:=[[ 6, 22, 18, 32 ] , [ 11, 15, 7, 32 ] , [ 15, 16, 28, 19 ] , [ 22, 16, 28, 26 ]], index:=84>;

CPbiellipticlist["79A6"]:= rec<CongSubgroup | N:=79,  label:="79A6", gens:=[[ 12, 42, 34, 73 ] , [ 13, 75, 11, 21 ] , [ 37, 63, 51, 10 ] , [ 78, 0, 0, 78 ]], index:=80>;

CPbiellipticlist["27D7"]:= rec<CongSubgroup | N:=27,  label:="27D7", gens:=[[ 1, 0, 18, 1 ] , [ 10, 0, 0, 19 ] , [ 13, 9, 12, 25 ] , [ 22, 0, 0, 16 ] , [ 26, 0, 0, 26 ]], index:=108>;
CPbiellipticlist["27E7"]:= rec<CongSubgroup | N:=27,  label:="27E7", gens:=[[ 1, 0, 9, 1 ] , [ 1, 0, 18, 1 ] , [ 1, 9, 12, 1 ] , [ 7, 24, 11, 7 ] , [ 19, 0, 0, 10 ] , [ 26, 0, 0, 26 ]], index:=108>;
CPbiellipticlist["81A7"]:= rec<CongSubgroup | N:=81,  label:="81A7", gens:=[[ 1, 0, 54, 1 ] , [ 10, 27, 60, 73 ] , [ 13, 72, 51, 52 ] , [ 16, 45, 37, 13 ] , [ 26, 27, 30, 53 ] , [ 28, 0, 0, 55 ] , [ 28, 0, 18, 55 ] , [ 55, 0, 27, 28 ] , [ 64, 54, 0, 19 ] , [ 73, 0, 15, 10 ]], index:=108>;
CPbiellipticlist["83A7"]:= rec<CongSubgroup | N:=83,  label:="83A7", gens:=[[ 21, 53, 54, 81 ] , [ 62, 21, 2, 77 ] , [ 82, 0, 0, 82 ]], index:=84>;
CPbiellipticlist["89A7"]:= rec<CongSubgroup | N:=89,  label:="89A7", gens:=[[ 62, 45, 81, 10 ] , [ 81, 23, 64, 5 ] , [ 88, 0, 0, 88 ]], index:=90>;

CPbiellipticlist["101A8"]:= rec<CongSubgroup | N:=101,  label:="101A8", gens:=[[ 30, 99, 62, 6 ] , [ 87, 63, 81, 25 ] , [ 100, 0, 0, 100 ]], index:=102>;

CPbiellipticlist["131A11"]:= rec<CongSubgroup | N:=131,  label:="131A11", gens:=[[ 25, 33, 54, 108 ] , [ 127, 29, 84, 13 ] , [ 130, 0, 0, 130 ]], index:=132>;

keys:=[k: k in Keys(CPbiellipticlist)];
level:=[CPbiellipticlist[k]`N:k in keys];
ParallelSort(~level,~keys);
for k in keys do;
    Gamma:=CPbiellipticlist[k];	
	N:=Gamma`N;
	SL2:=SL(2,Integers(N));
	Gamma`H:=sub< SL2 | Gamma`gens cat [[-1,0,0,-1]]>;
    CPbiellipticlist[k] :=Gamma;
end for;


// Bounding the level of corresponding twists

keys:=[k: k in Keys(CPbiellipticlist)];
level:=[CPbiellipticlist[k]`N:k in keys];
ParallelSort(~level,~keys);
for k in keys do;
SL2:=SL(2,Integers(CPbiellipticlist[k]`N));
    N:= Normalizer(SL2,CPbiellipticlist[k]`H);
    N1:=quo<N|CPbiellipticlist[k]`H>;
    s:=[];
    for n in N1 do;
        x:=0;
        t:=Factorisation(Order(n));
        // checking if for every p|Order(n) does p|CPlist[k]`N
        for p in t do;
            if CPbiellipticlist[k]`N mod p[1] eq 0 then x:=x+1; end if;
        end for;
        if x eq #t then s:=s cat [Order(n)];end if;
    end for;
    b:=Lcm(s);
    if ((CPbiellipticlist[k]`N) mod 2 eq 0 ) and ((CPbiellipticlist[k]`N) mod 4 ne 0) then
        b:=2*b;
    end if;
    k;b;
    print "...............";
end for;  


// Output

/* 7A3
7
...............
8A3
8
...............
8A5
8
...............
9C4
3
...............
9B4
3
...............
9A4
3
...............
11A4
1
...............
11A5
1
...............
11A3
1
...............
16A4
2
...............
16I5
4
...............
16E5
4
...............
16A5
8
...............
16P3
4
...............
16K3
4
...............
16C5
4
...............
16E9
8
...............
16O5
4
...............
16H3
8
...............
16N3
4
...............
16L3
4
...............
16Q3
2
...............
16C4
2
...............
16B5
8
...............
16O3
4
...............
16G3
2
...............
16H5
2
...............
16N5
4
...............
16J5
2
...............
16R3
4
...............
16D5
4
...............
16A3
8
...............
16M5
8
...............
16K5
4
...............
16F5
4
...............
16B4
2
...............
17A5
1
...............
27D4
3
...............
27D7
3
...............
27B4
3
...............
27A4
3
...............
27A3
3
...............
27E7
3
...............
27C4
3
...............
29A4
1
...............
32E9
8
...............
32N5
4
...............
32O3
4
...............
32N3
4
...............
32G7
4
...............
32A3
8
...............
32D5
4
...............
32I5
4
...............
32E5
8
...............
32J3
8
...............
32P3
4
...............
32A4
2
...............
32E3
2
...............
32A5
8
...............
32F5
8
...............
32K5
2
...............
32H7
4
...............
32J5
2
...............
32K7
2
...............
32I3
2
...............
32Q3
2
...............
32A7
8
...............
32B5
8
...............
32C5
4
...............
32L3
8
...............
32G3
2
...............
32O5
4
...............
32H5
2
...............
32L5
4
...............
32F3
2
...............
32G5
4
...............
32M5
8
...............
32C4
2
...............
37B4
1
...............
41A5
1
...............
43A3
1
...............
49A3
7
...............
53A4
1
...............
61A4
1
...............
64A9
8
...............
64F7
4
...............
64D5
4
...............
64B3
8
...............
64B5
8
...............
64C5
8
...............
64A5
8
...............
79A6
1
...............
81A4
3
...............
81A7
3
...............
83A7
1
...............
89A7
1
...............
101A8
1
...............
131A11
1
............... */ // Upper bound is N*b


